image_width: 2560
image_height: 1440
camera_name: pano_1
camera_matrix:
  rows: 3
  cols: 3
  data: [1884.288597944681, 0, 1281.298355259871, 0, 1584.885477343124, 636.5814917534733, 0, 0, 1]
distortion_model: plumb_bob
distortion_coefficients:
  rows: 1
  cols: 5
  data: [-0.4173570405287141, 0.1493134654766953, 0.008037288266852087, -0.0007342658995463636, 0]
rectification_matrix:
  rows: 3
  cols: 3
  data: [1, 0, 0, 0, 1, 0, 0, 0, 1]
projection_matrix:
  rows: 3
  cols: 4
  data: [1441.237060546875, 0, 1276.998885382127, 0, 0, 1432.124267578125, 629.0315507796477, 0, 0, 0, 1, 0]