image_width: 2560
image_height: 1440
camera_name: pano_2
camera_matrix:
  rows: 3
  cols: 3
  data: [1878.837910095895, 0, 1259.945629059152, 0, 1591.233867405212, 663.1776502988188, 0, 0, 1]
distortion_model: plumb_bob
distortion_coefficients:
  rows: 1
  cols: 5
  data: [-0.4047674604376282, 0.1425073623947998, -0.0001881467757579265, 0.001850710303313134, 0]
rectification_matrix:
  rows: 3
  cols: 3
  data: [1, 0, 0, 0, 1, 0, 0, 0, 1]
projection_matrix:
  rows: 3
  cols: 4
  data: [1449.652954101562, 0, 1260.873535859384, 0, 0, 1441.400756835938, 650.3022133378909, 0, 0, 0, 1, 0]