image_width: 2560
image_height: 1440
camera_name: pano_5
camera_matrix:
  rows: 3
  cols: 3
  data: [1888.512798190576, 0, 1212.026930077162, 0, 1601.169599805217, 732.2253364795896, 0, 0, 1]
distortion_model: plumb_bob
distortion_coefficients:
  rows: 1
  cols: 5
  data: [-0.3836906545283715, 0.1237841545472208, -0.001575181292988737, 0.01157441927076925, 0]
rectification_matrix:
  rows: 3
  cols: 3
  data: [1, 0, 0, 0, 1, 0, 0, 0, 1]
projection_matrix:
  rows: 3
  cols: 4
  data: [1337.034912109375, 0, 1283.18641871585, 0, 0, 1099.31396484375, 726.96086511467, 0, 0, 0, 1, 0]