image_width: 2560
image_height: 1440
camera_name: narrow_stereo
camera_matrix:
  rows: 3
  cols: 3
  data: [ 1903.74564,     0.     ,  1290.99875,
             0.     ,  1902.30552,   603.91738,
             0.     ,     0.     ,     1.     ]
camera_model: plumb_bob
distortion_coefficients:
  rows: 1
  cols: 5
  data: [-0.389676, 0.106579, 0.004054, -0.002224, 0.000000]
rectification_matrix:
  rows: 3
  cols: 3
  data: [ 1.,  0.,  0.,
          0.,  1.,  0.,
          0.,  0.,  1.]
projection_matrix:
  rows: 3
  cols: 4
  data: [ 1451.89709,     0.     ,  1282.77788,     0.     ,
             0.     ,  1780.09985,   592.28779,     0.     ,
             0.     ,     0.     ,     1.     ,     0.     ]
