image_width: 2560
image_height: 1440
camera_name: narrow_stereo
camera_matrix:
  rows: 3
  cols: 3
  data: [ 1924.05428,     0.     ,  1326.89046,
             0.     ,  1922.47413,   660.37084,
             0.     ,     0.     ,     1.     ]
camera_model: plumb_bob
distortion_coefficients:
  rows: 1
  cols: 5
  data: [-0.403924, 0.125745, 0.001224, -0.001637, 0.000000]
rectification_matrix:
  rows: 3
  cols: 3
  data: [ 1.,  0.,  0.,
          0.,  1.,  0.,
          0.,  0.,  1.]
projection_matrix:
  rows: 3
  cols: 4
  data: [ 1479.70276,     0.     ,  1347.93568,     0.     ,
             0.     ,  1802.26672,   653.30968,     0.     ,
             0.     ,     0.     ,     1.     ,     0.     ]
