image_width: 2560
image_height: 1440
camera_name: pano_3
camera_matrix:
  rows: 3
  cols: 3
  data: [1903.745639445558, 0, 1290.998752470216, 0, 1902.30552053428, 603.9173788469013, 0, 0, 1]
distortion_model: plumb_bob
distortion_coefficients:
  rows: 1
  cols: 5
  data: [-0.3896760330751026, 0.1065788379863805, 0.004054081423790278, -0.002224431366911671, 0]
rectification_matrix:
  rows: 3
  cols: 3
  data: [1, 0, 0, 0, 1, 0, 0, 0, 1]
projection_matrix:
  rows: 3
  cols: 4
  data: [1451.897094726562, 0, 1282.777881454822, 0, 0, 1780.099853515625, 592.2877881550448, 0, 0, 0, 1, 0]