image_width: 2560
image_height: 1440
camera_name: pano_5
camera_matrix:
  rows: 3
  cols: 3
  data: [1858.65666155385, 0, 1293.11574156668, 0, 1857.207120302985, 735.8557215181858, 0, 0, 1]
distortion_model: plumb_bob
distortion_coefficients:
  rows: 1
  cols: 5
  data: [-0.3787988229133752, 0.1042791711981457, -0.0001613306404864926, -0.001951306954692473, 0]
rectification_matrix:
  rows: 3
  cols: 3
  data: [1, 0, 0, 0, 1, 0, 0, 0, 1]
projection_matrix:
  rows: 3
  cols: 4
  data: [1415.9150390625, 0, 1288.204218808038, 0, 0, 1742.605102539062, 737.9409662032958, 0, 0, 0, 1, 0]