image_width: 2560
image_height: 1440
camera_name: pano_2
camera_matrix:
  rows: 3
  cols: 3
  data: [1827.374025876554, 0, 1295.739662133866, 0, 1544.944637895797, 677.268492094664, 0, 0, 1]
distortion_model: plumb_bob
distortion_coefficients:
  rows: 1
  cols: 5
  data: [-0.4027076766218862, 0.1291454523026232, 0.001808669816286321, -0.001750432832966893, 0]
rectification_matrix:
  rows: 3
  cols: 3
  data: [1, 0, 0, 0, 1, 0, 0, 0, 1]
projection_matrix:
  rows: 3
  cols: 4
  data: [1365.636352539062, 0, 1292.966826303331, 0, 0, 1391.596435546875, 669.5719767469272, 0, 0, 0, 1, 0]