image_width: 2560
image_height: 1440
camera_name: pano_4
camera_matrix:
  rows: 3
  cols: 3
  data: [1894.623865616707, 0, 1254.108626999286, 0, 1890.510094473946, 681.9100790739376, 0, 0, 1]
distortion_model: plumb_bob
distortion_coefficients:
  rows: 1
  cols: 5
  data: [-0.3869552570852419, 0.1122506167624126, -0.002492098663103569, -0.0008162187620451316, 0]
rectification_matrix:
  rows: 3
  cols: 3
  data: [1, 0, 0, 0, 1, 0, 0, 0, 1]
projection_matrix:
  rows: 3
  cols: 4
  data: [1456.272705078125, 0, 1229.504182814591, 0, 0, 1773.54833984375, 673.9534348461893, 0, 0, 0, 1, 0]