image_width: 2560
image_height: 1440
camera_name: pano_3
camera_matrix:
  rows: 3
  cols: 3
  data: [1901.32933265009, 0, 1231.156091133535, 0, 1594.511382372096, 773.091002986523, 0, 0, 1]
distortion_model: plumb_bob
distortion_coefficients:
  rows: 1
  cols: 5
  data: [-0.4224369016068015, 0.1660912854233553, -0.007215744449927984, 8.593959770815199e-05, 0]
rectification_matrix:
  rows: 3
  cols: 3
  data: [1, 0, 0, 0, 1, 0, 0, 0, 1]
projection_matrix:
  rows: 3
  cols: 4
  data: [1478.025756835938, 0, 1207.531496645846, 0, 0, 1443.6044921875, 774.6760214559035, 0, 0, 0, 1, 0]