image_width: 2560
image_height: 1440
camera_name: pano_1
camera_matrix:
  rows: 3
  cols: 3
  data: [1924.05427978481, 0, 1326.890462713934, 0, 1922.47413459446, 660.3708410754305, 0, 0, 1]
distortion_model: plumb_bob
distortion_coefficients:
  rows: 1
  cols: 5
  data: [-0.4039235526208837, 0.1257448289050508, 0.001223994993594426, -0.001636661406709257, 0]
rectification_matrix:
  rows: 3
  cols: 3
  data: [1, 0, 0, 0, 1, 0, 0, 0, 1]
projection_matrix:
  rows: 3
  cols: 4
  data: [1479.702758789062, 0, 1347.935676583802, 0, 0, 1802.266723632812, 653.3096773731886, 0, 0, 0, 1, 0]